% order
% quarterly growth  
% yt invt ct         I/Y C/Y
% entry 147 -> 1983.Q4
% formating is at the end!

t83 = 147 ;

zz = [-0.1	-7.7	1.7	0.106401697	0.631009678
-0.1	-2.9	0.3	0.103403616	0.633735689
1.6	19.3	0.0	0.121487224	0.624062835
1.5	10.2	0.5	0.131992963	0.618145263
1.6	6.2	1.2	0.137939562	0.61531233
0.6	1.0	0.1	0.138550069	0.612777887
0.1	-4.8	0.8	0.131823318	0.617009777
-1.4	-15.0	0.2	0.113574097	0.626600249
-0.3	-13.3	1.5	0.098810476	0.638294682
1.1	8.3	0.2	0.105843385	0.632786237
-0.9	-4.9	1.5	0.101561331	0.647877488
4.0	23.7	1.7	0.12083853	0.633406889
3.0	10.7	1.6	0.129865897	0.624930155
3.9	8.6	5.1	0.135805237	0.632621951
1.9	12.7	-3.0	0.150127562	0.601917832
1.4	-10.2	2.4	0.133000651	0.608157952
1.7	2.3	-2.8	0.133759864	0.580891448
2.1	-7.4	1.2	0.121405884	0.575768974
0.2	-8.0	0.6	0.111463242	0.57787415
1.1	2.6	0.2	0.113183412	0.573096761
0.2	-7.5	2.0	0.104426601	0.583117151
0.7	5.4	0.5	0.109235109	0.581742365
3.3	7.2	3.5	0.11340247	0.583161811
1.9	2.1	1.2	0.113701718	0.579311417
0.8	0.6	0.6	0.113475998	0.578291884
-0.6	-2.1	-0.2	0.111714297	0.580208616
-1.5	-7.2	-0.7	0.105244507	0.585242933
-0.5	-0.7	0.4	0.104984177	0.590110759
0.1	-0.2	1.3	0.104635081	0.597186549
1.1	4.8	1.4	0.108462921	0.598499648
1.9	4.4	2.1	0.111025946	0.599394474
2.9	10.0	2.2	0.118749534	0.595834265
1.6	6.0	1.9	0.123886343	0.597506874
1.3	1.5	1.2	0.124127202	0.596866973
0.6	2.3	1.3	0.126258631	0.60072641
-0.4	-2.8	0.2	0.123140794	0.604043321
0.8	-0.8	0.3	0.121164381	0.601095635
-0.1	-0.9	0.2	0.120189207	0.60295277
1.6	-1.0	1.4	0.117128552	0.601438545
0.6	-1.5	0.7	0.114590997	0.601681555
-0.2	-0.1	0.2	0.114739133	0.604065726
1.0	2.3	0.8	0.1162071	0.60297646
-1.0	-7.7	0.0	0.108382518	0.609506745
-2.6	-6.7	-1.4	0.103761676	0.617124103
0.7	-2.0	0.8	0.101006844	0.61811602
2.3	7.7	1.6	0.106286115	0.614078095
2.3	8.5	1.3	0.112719433	0.608116894
1.9	5.5	1.8	0.116710341	0.607874756
2.4	7.8	1.5	0.122794359	0.602591013
-0.2	-6.5	1.0	0.115080017	0.61006868
0.4	3.3	0.1	0.118359465	0.608359792
2.2	10.1	1.0	0.127433402	0.600762039
-0.4	-9.3	1.3	0.115996529	0.61070935
0.3	-0.2	-0.4	0.115417909	0.606745536
-1.2	-11.1	0.1	0.103884724	0.614967708
0.7	2.6	0.0	0.105856945	0.610643716
1.9	7.0	1.5	0.111206051	0.608436976
1.7	7.8	0.5	0.117879599	0.601382058
2.0	1.7	2.0	0.117460414	0.601244775
1.8	5.4	1.1	0.121583553	0.596889235
1.1	-0.8	1.2	0.119340588	0.597770332
1.0	1.7	0.8	0.120242011	0.596951363
0.4	-2.9	1.4	0.116266823	0.603071972
1.1	5.3	0.7	0.121032378	0.600445589
1.3	1.6	1.0	0.12139042	0.598411928
2.0	3.1	1.4	0.122706261	0.594957277
0.7	1.2	0.8	0.123337969	0.59566064
2.2	3.7	2.0	0.125248455	0.594548969
1.2	-0.4	1.8	0.123318265	0.597890432
1.4	2.3	1.8	0.124505562	0.600706151
0.4	1.0	0.3	0.125257923	0.600285699
2.5	9.5	2.2	0.133884084	0.598889893
1.4	0.3	1.1	0.132436838	0.597366544
2.0	3.5	1.7	0.134316809	0.595551895
2.4	0.7	2.8	0.132078232	0.598180754
2.5	8.0	1.5	0.139198934	0.592374878
0.4	-1.5	0.3	0.136569411	0.591453154
0.7	-0.7	1.1	0.134613574	0.593947096
0.9	0.6	0.4	0.134240246	0.591329102
0.9	-2.5	0.6	0.129760226	0.589354667
0.1	-3.6	1.4	0.124956684	0.59687666
0.9	2.9	0.5	0.127528	0.59478711
0.8	2.2	0.6	0.129237481	0.593633554
2.0	2.0	2.4	0.129203225	0.595644235
1.7	3.8	1.5	0.131920112	0.594691661
0.7	-2.7	1.9	0.127410693	0.601526319
0.4	1.1	0.5	0.128209013	0.601562838
1.6	5.9	1.1	0.133685736	0.598985421
0.3	-0.6	0.6	0.132470733	0.600888096
0.6	2.0	0.5	0.134329934	0.600050675
-0.4	-4.8	0.8	0.12840632	0.607485951
-0.2	-3.0	0.6	0.124790211	0.61233031
0.2	0.2	0.5	0.124846248	0.614073037
0.9	1.6	0.9	0.125767258	0.614037669
-1.0	-5.3	-0.3	0.120319436	0.618715885
2.7	11.7	1.9	0.130835902	0.614132346
0.6	2.8	0.9	0.13379543	0.616240564
0.8	1.2	0.8	0.134367347	0.616326531
0.3	-2.7	1.7	0.130354272	0.624748184
1.8	6.6	1.3	0.136514473	0.621861506
2.3	5.7	1.9	0.140984311	0.619385343
0.9	1.4	1.5	0.141692802	0.623204398
1.7	0.6	2.3	0.140253656	0.627399452
2.5	5.9	1.8	0.144893597	0.623510826
1.1	4.3	0.0	0.149388955	0.616263898
-0.5	-3.6	0.4	0.144755077	0.621833367
0.9	3.6	-0.3	0.148524458	0.614290422
-0.8	-5.7	-0.9	0.141222079	0.614029906
0.3	-0.4	0.4	0.140279491	0.614567415
-1.0	-5.2	0.4	0.134307546	0.623124547
-0.4	0.6	-1.5	0.135667886	0.616460091
-1.2	-16.1	0.8	0.115202933	0.629223037
0.8	-3.0	1.7	0.110927773	0.634834621
1.7	7.8	1.4	0.117589553	0.633434168
1.3	2.8	1.1	0.11924869	0.631643128
2.3	9.7	2.0	0.127881107	0.630043606
0.8	4.0	0.9	0.13193782	0.631054584
0.5	0.3	1.1	0.13172695	0.634521424
0.8	0.7	1.3	0.131722634	0.638028783
1.2	4.6	1.1	0.13624293	0.637898331
2.0	7.2	0.6	0.143209877	0.629071537
1.8	5.1	1.0	0.147833023	0.624036161
0.0	-2.5	1.5	0.144112858	0.633378751
0.3	1.9	0.6	0.146410121	0.634819181
3.9	6.5	2.1	0.150079694	0.624099458
1.0	2.9	0.4	0.152968289	0.620649377
1.3	2.3	0.8	0.154432036	0.617338754
0.2	0.2	0.5	0.154375874	0.61924452
0.1	-0.1	-0.1	0.154049186	0.618137498
0.7	-1.7	1.0	0.15037536	0.619753048
0.3	-1.8	0.3	0.147326988	0.619812728
0.3	-0.7	-0.2	0.145841316	0.616867691
-2.0	-8.5	-2.2	0.136204361	0.615477271
-0.2	-6.6	1.1	0.127418571	0.623055351
1.9	9.3	1.3	0.136774749	0.619824032
2.1	9.3	0.5	0.146435191	0.610455566
-0.7	-4.2	0.0	0.141378106	0.614834606
1.1	5.6	0.4	0.147608399	0.610304822
-1.2	-3.6	-0.8	0.144022111	0.612883631
-1.7	-9.9	0.7	0.132030888	0.627428571
0.5	-0.1	0.4	0.131148045	0.626340205
-0.4	-0.9	0.8	0.130372449	0.633455633
0.1	-7.7	1.8	0.120173723	0.644391739
1.3	3.5	1.0	0.122753945	0.642242559
2.3	8.9	2.0	0.130657075	0.640340056
2.0	6.3	1.8	0.136180758	0.639067055
2.1	9.7	1.6	0.146411483	0.636020853
2.0	9.7	0.8	0.15743775	0.62892474
1.8	3.2	1.4	0.159744013	0.626878613
1.0	2.2	0.8	0.161608177	0.625540034
0.8	-1.3	1.3	0.158247701	0.628799351
1.0	-2.7	1.7	0.152393065	0.633201687
0.9	1.7	0.9	0.153583889	0.633346157
1.6	-0.7	1.9	0.150198558	0.635620232
0.7	3.7	0.3	0.154578223	0.632510437
0.9	0.0	0.8	0.153119821	0.632006269
0.5	-1.8	1.1	0.149748075	0.636154377
1.0	-2.7	1.8	0.144266072	0.641214899
0.5	0.3	0.6	0.143963726	0.641992569
0.7	2.7	0.0	0.14681676	0.637636023
1.1	0.1	1.4	0.145262038	0.639306344
0.9	0.0	1.2	0.143981368	0.640904633
1.7	6.8	0.2	0.151289689	0.631820758
0.6	-4.8	1.8	0.143225451	0.639466142
1.3	2.4	0.7	0.144730457	0.635753595
0.6	0.6	0.9	0.144699528	0.637503971
1.3	1.5	1.1	0.144979038	0.636367859
1.0	3.4	0.5	0.148395553	0.632925946
0.8	-1.0	0.5	0.145823114	0.630941924
0.7	-0.9	1.0	0.143452415	0.632497311
0.2	-0.7	0.4	0.142109783	0.633940476
1.1	1.0	0.9	0.141945435	0.632461915
0.4	0.0	0.3	0.141443157	0.63199617
0.0	-2.0	0.4	0.138648026	0.63439041
-0.9	-5.6	-0.8	0.132058738	0.635000112
-0.5	-3.3	-0.3	0.128259791	0.635794532
0.8	0.0	0.8	0.127283309	0.636192693
0.5	2.0	0.5	0.129192519	0.636226928
0.4	3.6	0.0	0.133201721	0.633301539
1.2	-1.8	1.9	0.129222843	0.637652088
1.1	5.7	0.7	0.135057191	0.635030086
1.0	0.8	1.1	0.134840871	0.635721342
1.0	3.1	1.2	0.137585712	0.636910647
0.2	2.3	0.4	0.140554536	0.638129901
0.6	0.6	0.9	0.140515395	0.640056539
0.5	-0.7	1.1	0.13888918	0.643985598
1.3	5.2	0.9	0.1442482	0.641124981
1.0	3.9	1.1	0.148355594	0.642180095
1.4	4.9	0.8	0.153530876	0.638431801
0.6	-1.6	0.8	0.150125255	0.639606829
1.1	4.1	1.1	0.154538672	0.639234021
0.3	1.1	0.3	0.155677165	0.638739355
0.3	-2.1	0.9	0.151915116	0.642228391
0.9	-0.6	0.9	0.149733563	0.642612256
0.7	2.5	0.7	0.152384936	0.642570906
0.7	1.5	0.9	0.153700465	0.644303149
1.7	4.8	1.1	0.158385093	0.640121944
0.9	4.6	0.6	0.164160425	0.638075432
1.1	0.0	0.8	0.16238791	0.636366176
0.8	2.2	1.1	0.164644346	0.638218632
1.5	5.5	0.5	0.171154932	0.631579906
1.3	1.8	1.7	0.172024452	0.634313197
0.8	1.4	1.2	0.173117579	0.636905346
1.0	4.5	1.0	0.179053457	0.637176271
1.0	-0.7	1.8	0.176135071	0.642201032
1.3	2.7	1.3	0.178505431	0.642237881
1.6	2.8	1.5	0.180575497	0.641151333
0.8	2.9	1.0	0.184252446	0.642131702
0.8	0.1	1.5	0.182904911	0.64631139
1.3	2.5	1.1	0.185154915	0.645524267
1.7	2.9	1.5	0.187336184	0.643829169
0.3	-0.9	1.5	0.185110566	0.651738395
1.9	6.0	1.0	0.192535239	0.645797101
0.1	-1.3	1.0	0.189891891	0.651292464
0.6	0.1	0.9	0.188937875	0.653379918
