II(1,1) = 0; II(1,2) = 3;
II(2,1) = 0; II(2,2) = 1;
II(3,1) = 0; II(3,2) = 3;
II(4,1) = 0; II(4,2) = 1;
II(5,1) = 0; II(5,2) = 1;
II(6,1) = 0; II(6,2) = 3;
II(7,1) = 0; II(7,2) = 3;
II(8,1) = 0; II(8,2) = 1;
II(9,1) = 0; II(9,2) = 1;
II(10,1) = 0; II(10,2) = 1;
II(11,1) = 0; II(11,2) = 1;
II(12,1) = 0; II(12,2) = 3;
II(13,1) = 0; II(13,2) = 1;
II(14,1) = 0; II(14,2) = 3;
II(15,1) = 0; II(15,2) = 3;
II(16,1) = 0; II(16,2) = 1;
II(17,1) = 1; II(17,2) = 1;
II(18,1) = 1; II(18,2) = 1;
II(19,1) = 1; II(19,2) = 3;
II(20,1) = 1; II(20,2) = 3;
II(21,1) = 1; II(21,2) = 5;
II(22,1) = 1; II(22,2) = 5;
II(23,1) = 1; II(23,2) = 5;
II(24,1) = 1; II(24,2) = 5;
II(25,1) = 0; II(25,2) = 5;
II(26,1) = 0; II(26,2) = 5;
